103
225
178
62
193
74
71
2
96
111
78
74
62
238
219
101
122
144
125
69
252
47
219
9
85
191
164
43
242
138
64
147
233
228
123
113
80
15
192
34
91
101
225
6
215
74
64
125
186
52
55
248
151
78
246
228
49
1
181
221
31
10
152
154
132
2
175
241
222
29
91
62
143
156
77
203
203
199
90
14
181
253
42
29
232
123
217
206
48
63
14
155
198
130
8
252
128
85
45
159
147
191
39
91
37
217
86
70
2
204
127
137
222
184
170
46
140
244
152
206
251
226
55
9
115
4
121
242
64
99
110
212
210
116
97
236
189
188
241
130
202
115
216
100
188
249
133
110
53
83
29
96
84
87
208
136
133
197
31
159
89
85
146
220
51
171
230
51
76
127
227
128
71
136
146
105
4
179
129
97
17
92
60
52
207
100
14
96
197
42
232
82
84
52
195
18
242
41
73
175
36
131
184
236
186
191
104
61
133
56
214
169
208
202
120
79
175
251
196
211
180
152
192
127
220
18
247
26
139
103
28
184
156
199
144
207
147
240
222
129
201
121
211
82
248
71
19
191
212
235
84
205
137
118
209
242
20
181
60
102
69
212
253
166
179
237
175
145
97
162
93
104
94
119
128
232
53
87
146
124
67
148
224
16
112
22
144
137
196
60
150
117
219
168
90
89
65
242
76
41
92
189
180
179
2
96
229
81
152
76
32
99
208
250
219
22
86
60
81
251
140
191
214
43
230
27
190
186
183
34
114
130
135
219
173
205
135
243
17
138
72
123
174
53
155
83
224
34
27
244
39
39
40
23
116
170
212
201
182
121
180
244
129
78
201
61
60
119
158
157
32
32
73
187
105
211
238
102
14
146
190
82
126
57
239
123
138
57
25
16
209
196
50
228
174
167
252
9
108
125
149
22
168
14
142
181
124
157
55
164
97
27
96
67
62
159
133
105
56
219
219
73
157
198
243
234
98
42
203
29
41
91
216
149
149
236
147
3
206
155
122
69
66
123
58
13
43
66
51
154
210
206
204
180
219
199
52
253
24
166
55
62
87
51
129
242
101
149
155
182
102
219
234
191
73
203
37
129
156
179
98
186
226
15
36
220
108
105
244
191
250
60
25
98
128
145
249
126
102
253
67
169
245
171
76
135
1
225
103
77
242
118
74
22
148
39
19
148
73
92
185
219
89
245
243
53
196
157
234
154
179
189
98
64
10
120
164
71
132
63
76
166
227
219
54
102
226
66
246
158
42
210
167
139
64
11
60
92
161
251
53
193
226
120
41
206
122
30
223
162
25
231
9
11
252
175
96
129
194
13
185
179
117
148
87
44
102
234
58
92
83
22
131
212
230
184
98
76
176
224
235
21
123
33
65
225
50
31
139
80
98
202
214
173
106
164
55
157
172
153
88
93
44
203
126
91
197
61
215
208
215
95
98
219
118
145
177
245
139
162
146
236
220
44
46
62
191
51
250
181
45
219
231
245
145
143
45
131
140
42
126
136
51
159
7
81
136
84
153
92
35
233
163
168
172
190
214
132
39
97
209
44
84
246
205
57
254
17
109
103
102
29
108
156
251
56
90
68
75
48
6
115
62
221
135
233
248
149
31
236
151
225
108
155
18
235
164
27
178
101
22
55
64
58
179
192
140
141
161
251
162
153
231
145
86
244
112
153
183
173
55
21
70
221
143
119
110
197
167
168
41
110
129
96
123
87
198
98
181
123
186
239
132
230
56
222
22
119
6
206
46
43
47
176
55
76
196
128
232
15
111
146
144
210
33
77
1
242
195
191
36
89
39
127
206
161
175
163
186
219
160
46
146
42
231
20
86
148
121
205
135
58
181
38
168
162
59
47
43
39
52
243
5
244
7
247
76
134
220
228
49
168
240
248
28
46
190
13
19
125
216
254
2
138
219
231
215
224
190
30
130
43
212
236
44
225
99
98
69
221
189
114
181
240
45
63
163
206
217
102
30
21
92
211
55
201
167
7
200
235
126
212
34
193
236
212
66
55
133
101
122
253
154
241
125
112
197
189
113
14
23
203
167
9
142
183
29
56
206
36
225
235
4
96
43
138
26
10
238
247
92
164
18
53
11
120
39
252
109
243
184
148
138
180
2
199
236
3
210
195
254
58
234
164
27
69
195
205
27
120
56
235
82
218
67
224
48
193
9
164
144
96
54
202
37
125
4
48
124
213
36
186
176
9
125
247
29
189
163
151
127
145
109
20
74
143
161
237
249
24
169
154
121
91
121
171
244
23
203
151
232
26
75
14
129
196
72
58
85
116
188
130
98
230
246
160
34
158
98
252
73
180
136
50
