64
121
102
153
204
27
209
214
91
110
146
179
189
193
99
110
243
146
216
71
159
150
245
22
128
133
23
230
225
112
199
38
158
67
114
215
50
78
123
86
203
251
41
61
179
96
248
247
164
219
103
161
251
143
238
183
123
163
226
51
101
253
103
168
229
253
166
28
10
157
145
245
190
169
133
67
245
138
8
177
133
15
227
84
59
29
79
59
166
17
70
72
224
113
193
154
199
29
249
216
13
119
83
161
59
148
154
153
114
9
131
104
28
117
115
140
205
179
222
14
56
117
244
201
115
85
16
189
129
51
109
43
191
94
240
5
211
160
137
166
185
25
223
4
75
46
236
18
148
162
166
220
15
208
135
177
54
138
179
243
113
22
15
160
203
176
88
241
133
243
19
53
197
233
199
76
39
216
200
69
58
82
211
209
145
146
73
178
203
113
114
119
71
172
230
231
190
67
176
34
32
49
38
149
19
209
184
236
126
167
227
137
72
248
10
83
248
93
79
31
233
35
85
228
127
157
149
178
8
135
9
211
87
216
63
148
239
13
14
6
174
153
29
203
157
18
18
35
201
24
61
62
27
219
178
187
166
132
83
169
30
38
6
245
247
32
119
167
74
192
142
109
68
192
229
186
104
239
65
136
243
69
64
236
18
77
151
52
162
203
128
166
203
60
153
29
132
213
234
127
71
166
233
130
248
51
29
76
101
107
80
177
24
103
75
78
27
151
72
40
1
73
140
222
11
230
34
212
204
234
35
129
103
45
147
154
55
133
252
125
177
105
9
75
204
89
22
130
94
188
134
205
208
49
32
209
163
5
228
131
139
155
194
218
98
22
187
85
214
95
211
45
33
224
12
175
187
112
97
249
102
112
40
83
80
228
63
79
104
180
37
222
22
118
8
192
178
55
173
142
217
142
230
107
91
125
66
237
119
65
110
179
103
47
218
149
95
57
56
133
111
189
18
216
173
35
219
51
155
138
42
2
196
195
107
15
149
45
186
136
65
233
193
226
18
47
188
177
198
128
109
156
218
171
133
76
179
97
145
226
215
229
239
208
1
1
23
67
6
108
87
138
236
76
86
219
87
36
129
218
98
177
160
115
121
242
22
72
114
150
223
120
112
190
119
219
119
127
124
59
22
18
226
60
219
181
222
239
36
101
250
164
228
123
4
159
59
134
185
155
150
111
63
109
3
155
244
25
10
226
63
3
207
36
224
25
90
151
149
170
165
111
36
191
62
166
218
22
247
8
213
213
13
139
240
82
205
153
201
203
13
72
166
125
248
191
145
76
66
226
114
208
25
219
8
229
229
134
31
46
180
212
9
193
244
88
163
88
55
200
184
71
148
107
24
7
125
71
87
73
44
102
178
52
170
113
111
45
50
157
69
143
240
182
173
244
197
155
241
16
69
251
197
121
173
106
97
55
98
8
120
85
248
142
215
104
118
210
252
134
236
188
145
247
210
244
165
97
122
232
4
40
120
138
16
168
226
28
112
72
251
155
65
34
139
211
213
212
52
139
223
31
218
229
56
20
121
213
120
106
128
32
34
222
154
68
220
15
117
184
87
102
134
228
198
18
71
97
220
107
61
152
122
229
238
208
181
189
229
17
86
2
211
129
94
58
136
74
18
22
18
105
32
113
229
90
31
145
223
89
11
37
20
189
116
170
178
146
160
223
169
223
119
36
18
182
79
171
166
135
182
129
124
127
238
99
30
62
174
214
247
55
194
149
103
130
126
166
189
77
23
210
99
197
46
28
230
223
254
220
10
139
254
130
222
18
251
235
144
110
86
184
4
96
235
139
121
127
79
242
250
131
253
116
109
55
50
212
185
135
211
131
141
55
150
37
14
174
155
56
104
160
142
33
43
1
107
125
41
170
5
31
242
248
8
126
220
62
212
207
160
1
97
230
173
97
161
62
146
250
216
72
174
91
251
22
64
207
22
135
204
188
36
112
89
122
150
38
230
163
42
144
237
199
175
119
67
145
64
82
232
225
202
236
46
132
160
232
169
99
188
208
153
22
235
14
134
31
97
207
63
225
182
97
64
65
195
13
175
158
190
249
98
67
223
205
118
24
144
48
136
91
80
185
132
201
52
173
14
204
173
241
24
231
130
157
81
20
217
37
95
159
254
132
252
58
102
177
17
190
107
207
97
82
251
183
105
26
187
162
19
31
250
127
6
14
36
227
119
143
126
18
229
74
69
151
121
94
167
239
158
72
53
112
7
223
155
52
133
14
219
113
140
144
173
95
20
116
13
188
10
243
189
239
131
62
67
193
253
91
192
28
152
110
186
67
25
115
163
34
116
166
211
79
